"depths","X1","X2","X3","X4","X5","X6","X7","X8","X9","X10","X11","X12","X13","X14","X15","X16","X17","X18","X19","X20","X21","X22","X23","X24","X25","X26","X27","X28","X29","X30","X31","X32","X33","X34","X35","X36","X37","X38","X39","X40","X41","X42","X43","X44","X45","X46","X47","X48","X49","X50","X51","X52","X53","X54","X55","X56","X57","X58","X59","X60","X61","X62","X63","X64","X65","X66","X67","X68","X69","X70","X71","X72","X73","X74","X75","X76","X77","X78","X79","X80","X81","X82","X83","X84","X85","X86","X87","X88","X89","X90","X91","X92","X93","X94","X95","X96","X97","X98","X99","X100","X101","X102","X103","X104","X105","X106","X107","X108","X109","X110","X111","X112","X113","X114","X115","X116","X117","X118","X119","X120","X121","X122","X123","X124","X125","X126","X127","X128","X129","X130","X131","X132","X133","X134","X135","X136","X137","X138","X139","X140","X141","X142","X143","X144","X145","X146","X147","X148","X149","X150","X151","X152","X153","X154","X155","X156","X157","X158","X159","X160","X161","X162","X163","X164","X165","X166","X167","X168","X169","X170","X171","X172","X173","X174","X175","X176","X177","X178","X179","X180","X181","X182","X183","X184","X185","X186","X187","X188","X189","X190","X191","X192","X193","X194","X195","X196","X197","X198","X199","X200","X201","X202","X203","X204","X205","X206","X207","X208","X209","X210","X211","X212","X213","X214","X215","X216","X217","X218","X219","X220","X221","X222","X223","X224","X225","X226","X227","X228","X229","X230","X231","X232","X233","X234","X235","X236","X237","X238","X239","X240","X241","X242","X243","X244","X245","X246","X247","X248","X249","X250","X251","X252","X253","X254","X255","X256","X257","X258","X259","X260","X261","X262","X263","X264","X265","X266","X267","X268","X269","X270","X271","X272","X273","X274","X275","X276","X277","X278","X279","X280","X281","X282","X283","X284","X285","X286","X287","X288","X289","X290","X291","X292","X293","X294","X295","X296","X297","X298","X299","X300","X301","X302","X303","X304","X305","X306","X307","X308","X309","X310","X311","X312","X313","X314","X315","X316","X317","X318","X319","X320","X321","X322","X323","X324","X325","X326","X327","X328","X329","X330","X331","X332","X333","X334","X335","X336","X337","X338","X339","X340","X341","X342","X343","X344","X345","X346","X347","X348","X349","X350","X351","X352","X353","X354","X355","X356","X357","X358","X359","X360","X361","X362","X363","X364","X365","X366","X367","X368","X369","X370","X371","X372","X373","X374","X375","X376","X377","X378","X379","X380","X381","X382","X383","X384","X385","X386","X387","X388","X389","X390","X391","X392","X393","X394","X395","X396","X397","X398","X399","X400","X401","X402","X403","X404","X405","X406","X407","X408","X409","X410","X411","X412","X413","X414","X415","X416","X417","X418","X419","X420","X421","X422","X423","X424","X425","X426","X427","X428","X429","X430","X431","X432","X433","X434","X435","X436","X437","X438","X439","X440","X441","X442","X443","X444","X445","X446","X447","X448","X449","X450","X451","X452","X453","X454","X455","X456","X457","X458","X459","X460","X461","X462","X463","X464","X465","X466","X467","X468","X469","X470","X471","X472","X473","X474","X475","X476","X477","X478","X479","X480","X481","X482","X483","X484","X485","X486","X487","X488","X489","X490","X491","X492","X493","X494","X495","X496","X497","X498","X499","X500","X501","X502","X503","X504","X505","X506","X507","X508","X509","X510","X511","X512","X513","X514","X515","X516","X517","X518","X519","X520","X521","X522","X523","X524","X525","X526","X527","X528","X529","X530","X531","X532","X533","X534","X535","X536","X537","X538","X539","X540","X541","X542","X543","X544","X545","X546","X547","X548","X549","X550","X551","X552","X553","X554","X555","X556","X557","X558","X559","X560","X561","X562","X563","X564","X565","X566","X567","X568","X569","X570","X571","X572","X573","X574","X575","X576","X577","X578","X579","X580","X581","X582","X583","X584","X585","X586","X587","X588","X589","X590","X591","X592","X593","X594","X595","X596","X597","X598","X599","X600","X601","X602","X603","X604","X605","X606","X607","X608","X609","X610","X611","X612","X613","X614","X615","X616","X617","X618","X619","X620","X621","X622","X623","X624","X625","X626","X627","X628","X629","X630","X631","X632","X633","X634","X635","X636","X637","X638","X639","X640","X641","X642","X643","X644","X645","X646","X647","X648","X649","X650","X651","X652","X653","X654","X655","X656","X657","X658","X659","X660","X661","X662","X663","X664","X665","X666","X667","X668","X669","X670","X671","X672","X673","X674","X675","X676","X677","X678","X679","X680","X681","X682","X683","X684","X685","X686","X687","X688","X689","X690","X691","X692","X693","X694","X695","X696","X697","X698","X699","X700","X701","X702","X703","X704","X705","X706","X707","X708","X709","X710","X711","X712","X713","X714","X715","X716","X717","X718","X719","X720","X721","X722","X723","X724","X725","X726","X727","X728","X729","X730","X731","X732","X733","X734","X735","X736","X737","X738","X739","X740","X741","X742","X743","X744","X745","X746","X747","X748","X749","X750","X751","X752","X753","X754","X755","X756","X757","X758","X759","X760","X761","X762","X763","X764","X765","X766","X767","X768","X769","X770","X771","X772","X773","X774","X775","X776","X777","X778","X779","X780","X781","X782","X783","X784","X785","X786","X787","X788","X789","X790","X791","X792","X793","X794","X795","X796","X797","X798","X799","X800","X801","X802","X803","X804","X805","X806","X807","X808","X809","X810","X811","X812","X813","X814","X815","X816","X817","X818","X819","X820","X821","X822","X823","X824","X825","X826","X827","X828","X829","X830","X831","X832","X833","X834","X835","X836","X837","X838","X839","X840","X841","X842","X843","X844","X845","X846","X847","X848","X849","X850","X851","X852","X853","X854","X855","X856","X857","X858","X859","X860","X861","X862","X863","X864","X865","X866","X867","X868","X869","X870","X871","X872","X873","X874","X875","X876","X877","X878","X879","X880","X881","X882","X883","X884","X885","X886","X887","X888","X889","X890","X891","X892","X893","X894","X895","X896","X897","X898","X899","X900","X901","X902","X903","X904","X905","X906","X907","X908","X909","X910","X911","X912","X913","X914","X915","X916","X917","X918","X919","X920","X921","X922","X923","X924","X925","X926","X927","X928","X929","X930","X931","X932","X933","X934","X935","X936","X937","X938","X939","X940","X941","X942","X943","X944","X945","X946","X947","X948","X949","X950","X951","X952","X953","X954","X955","X956","X957","X958","X959","X960","X961","X962","X963","X964","X965","X966","X967","X968","X969","X970","X971","X972","X973","X974","X975","X976","X977","X978","X979","X980","X981","X982","X983","X984","X985","X986","X987","X988","X989","X990","X991","X992","X993","X994","X995","X996","X997","X998","X999","X1000"
1,-3,-7,-3,-30,-25,-16,-37,-14,-12,-19,-14,3,-13,-12,-3,-7,-6,1,-13,-13,-16,-15,-17,-7,-20,-19,-20,-8,-10,-14,-11,-6,-8,34,-11,-7,-6,-12,-22,-57,-24,-4,-11,-6,-16,-7,-12,-7,-14,8,-4,-12,-14,-17,-7,-15,-13,-26,-9,-20,6,-21,-14,-10,-14,-16,-13,-15,-13,-14,-2,-11,-5,-21,-6,-12,-14,-7,-14,-14,-12,-15,-14,-16,-17,-16,3,-17,-4,-12,-8,-5,-11,-13,-9,-13,-10,-13,-16,-26,-18,-22,-5,-23,-30,-3,-8,-12,-21,-38,-18,-38,-33,-24,6,58,-12,-16,-17,-15,-23,-18,-14,-10,-10,-3,-31,-24,-19,-15,16,-13,-15,-14,-18,-17,26,-12,-9,-13,-19,-11,-10,0,3,-9,41,-5,14,-18,37,8,-22,-21,-19,-16,0,-22,-17,-21,-14,-9,-18,-14,-65,-14,-10,-12,-11,-17,-15,-15,-35,-10,-18,-11,-14,-15,-15,-18,-7,-27,-15,-12,-14,-12,-12,-11,-55,-8,-16,-26,-26,-17,-6,-5,-9,-6,-9,-13,-14,-12,-12,-10,-19,-8,-15,-9,-12,-19,-18,-4,-11,-12,-14,-7,-5,-12,-10,-16,-18,-11,-23,-19,-5,-10,2,-9,-2,-2,0,7,-4,-1,-9,-17,-23,-5,-17,-10,-6,-4,-8,-3,-14,-11,-9,-6,-11,-9,-15,-8,-10,-3,-47,-10,-19,2,-13,-6,-19,-23,-16,-15,-12,3,-18,-21,-10,-5,-6,-13,-13,-11,-17,-13,-8,-12,-19,-12,6,10,-20,-55,-4,-52,-3,-12,-14,-11,-9,-14,-6,-18,-11,-12,-15,-14,-16,-14,-12,-18,-15,-18,-20,-14,-16,-11,-18,-15,-35,-19,-8,-9,-10,-34,-10,-2,-9,-13,-17,-16,-7,-16,-11,-23,-11,-16,-23,-3,-25,-18,-7,-21,-18,-15,-8,-8,-7,-16,-14,-16,-9,-32,-23,-21,-5,-5,-19,-19,-24,-32,-7,8,-11,-10,-9,-14,-13,-10,-20,-9,-19,-6,-10,-17,-14,-12,-10,6,43,-9,-9,-14,-13,-9,-9,-7,-7,-10,-13,-12,1,-41,-13,-14,-17,-11,-11,-12,-5,-7,-10,-9,-17,-15,-16,-15,23,-4,2,1,-2,-4,-16,-15,-17,-15,-15,-9,-13,-27,-17,-19,-15,-20,-12,-20,-23,-17,-9,-11,-19,-9,-13,-13,-3,-11,54,-11,-11,-12,-8,-13,-8,-5,-14,-6,-23,-7,61,-20,-26,-5,-17,-11,-11,-22,-28,-19,-5,-16,-9,-19,-11,-12,-69,-3,-31,-15,21,-7,-10,-12,9,-13,-18,-25,-17,-9,-13,-13,-12,-8,0,-8,-7,-2,-7,-2,-9,-5,-16,-18,-16,-11,-15,-9,-22,-13,-10,-14,-11,12,-11,-14,15,-12,-11,-9,-19,-19,2,-15,-15,-2,-3,-12,-7,-6,-11,-8,-5,-1,-18,-13,-8,-27,-12,-21,-20,-20,-2,-7,-9,-1,0,-9,-15,8,-12,-19,-16,20,-6,-22,-11,-9,-11,-20,-22,-9,-15,-18,-11,1,-8,-13,-14,-21,-17,104,-20,-17,-11,-12,-10,-8,-51,-21,-12,-9,-8,-2,-25,-12,-15,-15,-21,-15,-22,-8,-14,-23,-55,-27,-8,-34,-21,-27,-11,-16,-9,-9,-13,28,-20,-35,-46,-3,-9,-9,-16,-16,48,-12,-21,-15,-14,-21,-17,-3,-11,-9,-8,-18,-7,4,-16,-23,-23,72,-34,-3,4,-12,-15,-4,-14,-7,-21,-18,11,-13,-18,-15,-22,-4,0,-6,-8,-5,-5,-7,-8,-13,-8,-15,-18,-14,-17,-17,-14,-19,-17,-4,-27,-24,-14,-20,-19,-17,-11,-32,-17,-16,0,-13,-15,-14,-7,-13,-8,-9,-14,-5,-17,-11,-16,-12,-2,-16,-27,-1,1,-5,-18,-7,1,-3,-6,-11,-6,-14,-19,-19,-18,-20,-19,-15,53,-9,-12,-3,-13,-9,-2,-25,-19,-9,-8,0,-19,-18,-16,-11,-6,-8,-12,-15,-23,-17,-5,-8,-30,-13,-9,1,-19,-20,-20,-18,-49,-17,-10,-7,-10,-14,-6,-11,-9,-12,-13,0,-12,-14,-15,-19,-19,-17,-16,-10,-10,-12,-2,6,-16,-16,-19,-12,-13,-17,-19,-12,-14,-22,-23,-21,-21,-51,-27,-23,-20,-20,-20,-13,-11,-12,-17,-8,-18,-10,-8,-23,3,-19,-12,-12,-11,-6,-15,-7,-8,-11,-3,-16,6,-14,-19,-11,-15,-11,-15,5,-21,-16,-63,-11,-12,-17,-24,-13,-25,-10,-11,-9,-14,49,-12,-10,-23,-23,-23,-9,-16,-11,-17,-15,-19,-26,-20,-21,-11,-11,-7,-19,-14,-13,46,-11,-14,-14,-9,-10,-25,-15,-17,-9,-19,-16,-7,-15,-13,-13,-13,-9,-10,-15,-11,-20,-15,-18,-14,-16,-9,-15,-10,-5,-27,-18,-17,-19,-19,-24,-26,-11,-20,-1,-19,-17,-7,-8,67,-3,-4,-4,-4,-14,-12,-20,-17,-13,0,-12,-10,-10,-13,-16,-15,-11,-24,-21,-22,-30,-18,-4,-16,-14,-18,-12,-14,-8,-6,-9,-17,-32,-7,-11,-6,-1,-4,-10,-10,-8,-13,-10,-10,-5,92,-11,-5,-3,-6,-2,-19,-17,-19,-17,-17,-17,-21,-18,-18,-21,-9,-3,-9,-5,-13,-14,-10,-13,-3,-11,-16,-19,-25,-16,-20,-4,-12,-26,-6,-7,-16,-16,-63,-13,-22,-12,-12,-11,-12,-7,-3,-6,-10,-6,-9,-12,-8,-19,-14,-24,-18,4,-2,-19,-24,-36,-9,-8,-13,-17,-16,-15,-12,-17,-21,-19,-16,-39,-14,-22,-19,-15,4,-23,-7,-8
10,24,4,20,-2,8,20,72,67,25,9,24,29,15,9,30,10,3,8,1,3,-11,-10,-12,-2,-12,-5,7,16,-1,16,5,17,9,98,5,17,39,3,4,29,-10,15,22,76,36,36,18,8,-4,31,17,2,1,27,43,1,4,-9,19,12,43,-1,4,11,-8,-12,0,-6,-5,-9,2,-3,-3,-15,31,-5,10,29,16,5,22,7,14,14,2,13,48,4,5,91,14,24,17,-1,-3,-8,15,11,10,-5,6,20,59,5,13,29,35,46,-3,-1,-9,-10,24,-8,16,85,28,-14,-9,-10,-1,-10,17,0,5,41,20,17,-6,-6,39,6,2,8,-13,11,53,-5,9,-6,-4,44,11,82,11,28,61,5,108,24,61,24,10,-6,52,24,76,15,16,-1,-1,20,7,-2,24,15,-7,33,1,-3,11,14,2,22,3,11,17,-10,28,7,17,11,15,3,-4,15,15,25,8,0,3,-21,-10,0,36,28,15,24,18,20,18,17,21,23,2,18,16,17,-2,-1,7,18,4,18,7,7,9,-1,9,-14,-7,35,-10,-6,11,13,41,10,23,19,23,25,26,42,18,6,-3,33,28,22,25,28,1,24,-3,22,10,8,1,10,60,14,27,22,-4,39,20,46,17,40,43,-19,-5,12,8,28,22,8,28,31,13,12,26,-3,-12,2,25,10,-17,-3,27,76,-9,-1,36,-2,13,1,29,25,6,8,14,4,18,3,9,15,-9,-1,15,21,-14,-7,-10,-5,-5,1,-7,22,24,4,23,6,1,38,0,33,12,13,10,-10,101,-13,8,12,22,42,9,37,-14,5,39,-17,-13,-13,-7,-7,4,-4,1,-8,-2,1,-6,-5,36,7,0,0,8,-5,10,60,7,14,15,13,3,17,2,8,1,20,17,-7,-3,10,8,62,46,50,10,7,7,9,20,0,29,21,10,13,33,-6,10,4,14,17,9,6,1,13,16,10,9,12,9,9,54,31,17,4,30,6,-4,-10,67,28,18,15,6,5,1,-14,73,7,13,10,-7,7,15,-1,1,24,7,6,14,9,62,6,23,8,10,7,27,13,-8,-1,-14,19,104,5,36,28,-12,9,7,7,1,5,9,16,51,-12,15,8,20,48,-8,-1,41,21,6,-1,31,73,-4,-9,-4,7,-1,7,-4,11,30,14,22,23,33,10,0,6,-10,-10,6,11,2,8,-21,-6,-6,-7,-5,32,17,20,27,9,2,4,16,9,46,-2,2,25,35,-2,39,73,11,7,11,13,-14,4,2,-3,14,-2,10,3,58,0,5,36,17,0,121,53,8,64,6,24,5,-8,6,3,11,-18,-3,17,19,-8,17,12,13,12,10,4,22,134,-15,6,12,10,11,1,-33,11,18,23,22,18,23,19,18,11,7,12,-2,15,0,-2,58,33,42,2,19,11,8,11,37,14,47,102,9,38,97,26,11,23,-4,-8,64,6,24,15,21,1,4,22,6,7,15,-6,2,66,30,21,142,567,114,73,70,9,8,28,2,9,5,13,99,12,7,7,4,19,20,25,11,13,19,13,21,16,24,6,-3,15,8,11,13,5,8,21,3,0,15,10,-3,-1,14,5,5,4,52,8,6,6,32,28,7,6,19,9,-2,16,11,15,33,-4,-7,28,29,28,18,24,30,29,26,12,20,15,1,3,-4,18,8,0,56,9,6,14,-7,31,14,0,8,45,29,31,20,5,-1,3,50,23,-7,-7,-1,5,17,23,3,3,11,47,14,-18,-18,12,7,-3,12,25,11,82,14,2,0,12,-5,27,16,8,5,-12,0,2,2,6,18,0,19,26,0,-2,-4,2,21,-8,5,24,18,-15,-15,12,-1,9,5,6,-15,-5,-6,-7,24,9,24,14,6,0,1,-15,16,0,6,7,9,19,0,2,1,8,25,-6,74,13,-1,1,-2,9,20,21,-10,0,12,21,4,-10,15,-4,9,6,4,17,12,106,18,66,-8,1,-2,18,5,21,15,14,-5,15,-8,25,16,7,27,14,4,11,57,10,9,-4,21,17,-1,25,14,19,11,9,23,10,7,7,12,8,7,8,17,7,12,11,17,7,8,9,12,8,-2,18,3,-7,-4,31,-1,27,7,14,-1,-3,31,93,118,33,13,14,9,1,26,-7,-1,7,14,6,13,8,9,-6,-1,13,-4,-8,10,35,2,3,-6,3,-6,32,-1,7,27,2,2,2,13,10,14,40,23,18,17,7,2,16,13,20,99,5,17,18,16,20,0,6,6,9,10,-3,26,17,6,3,9,14,27,7,7,5,19,18,18,13,22,19,19,63,17,24,8,17,25,24,11,-1,-9,9,12,9,2,21,12,19,31,31,-2,28,4,-8,17,-8,8,1,3,9,38,-6,6,17,5,28,-5,2,2,3,4,-13,-4,2,-10,-13,4,-1,-1,-11,14,-16,2,9
20,54,14,46,30,44,59,176,156,66,47,60,55,35,32,66,30,13,29,17,18,-5,-5,-5,3,-10,11,37,43,8,48,23,41,28,109,22,43,83,25,31,54,5,28,58,93,68,77,66,26,3,60,21,18,17,77,64,20,22,-1,51,45,66,21,25,46,-1,7,15,4,5,-3,6,1,1,-6,71,2,39,70,49,25,61,34,46,47,22,45,80,28,14,109,39,57,48,11,4,-4,43,38,38,18,31,66,63,37,44,65,46,68,17,18,14,16,55,4,22,90,73,-11,-4,-4,20,-2,51,13,82,85,55,43,19,5,47,28,21,33,-6,64,58,3,21,31,13,66,34,110,20,67,81,17,138,33,80,39,45,12,118,58,109,52,53,16,13,52,34,11,65,48,-4,53,14,13,39,47,27,57,25,35,51,-4,77,36,43,36,50,20,7,74,40,65,35,9,19,-16,9,19,50,65,42,57,49,57,54,49,57,59,25,48,50,47,10,20,34,43,21,47,30,22,24,11,30,-13,3,39,4,1,29,40,84,26,48,37,79,77,58,47,48,20,3,75,159,58,60,64,11,54,10,57,30,23,14,61,110,38,69,99,40,53,40,71,48,66,65,-15,6,42,31,41,67,19,41,59,33,41,69,7,-7,17,39,35,-14,26,50,86,3,13,46,12,31,15,52,44,23,32,35,34,51,19,36,47,-3,13,44,51,-13,6,-2,6,8,14,5,51,67,29,36,23,15,55,12,72,35,45,41,-4,106,-4,29,39,49,114,15,54,-1,31,68,-13,-10,-10,-6,-6,16,9,17,2,3,25,12,13,49,21,22,21,43,19,30,70,28,41,42,42,11,46,22,53,18,50,46,5,11,35,30,76,48,69,31,30,29,29,53,9,69,56,36,41,43,7,56,48,48,47,31,28,6,16,42,31,18,42,36,36,65,48,29,9,38,37,9,-5,94,39,47,41,28,10,21,-9,94,36,44,42,12,33,44,10,24,60,30,26,32,31,71,24,61,29,31,30,65,23,-4,5,-5,49,113,35,86,60,-9,59,32,14,19,28,26,52,103,-6,23,29,83,82,7,14,51,52,23,10,55,81,11,10,12,13,12,29,4,32,55,38,46,51,77,29,77,33,-3,-4,31,36,21,26,-19,1,-1,0,2,37,48,58,40,27,16,18,51,34,63,12,22,54,77,15,46,77,36,25,29,20,-10,23,13,4,42,19,44,28,72,8,18,43,37,17,433,83,31,118,33,42,17,7,27,17,38,-15,12,47,35,8,22,38,20,41,36,32,66,141,-11,33,38,35,34,11,-13,47,51,58,56,40,58,52,54,39,36,43,19,40,16,21,85,46,76,17,35,40,26,39,68,39,82,116,42,63,105,37,27,34,3,17,83,27,74,49,59,26,27,51,25,26,41,7,12,88,80,73,331,1117,267,157,144,32,33,64,21,27,34,49,118,40,36,30,32,44,42,60,32,32,46,34,53,49,59,30,15,46,36,44,44,33,35,49,38,25,49,44,17,17,44,33,30,27,98,30,30,29,76,74,24,22,56,24,18,47,41,45,72,9,6,61,61,65,55,58,63,65,60,38,48,48,24,28,11,61,39,17,59,30,26,29,0,47,29,28,38,66,71,45,26,24,16,18,55,56,-1,1,19,29,41,54,24,20,33,86,50,-15,-15,46,21,12,37,60,35,98,36,17,10,39,3,56,48,32,26,-3,22,23,23,24,49,14,42,49,17,13,9,17,58,3,32,63,51,-6,-6,49,22,29,38,39,-9,11,10,-2,63,54,35,38,32,12,12,-5,21,21,26,29,31,48,16,11,11,27,46,5,89,44,17,14,13,31,58,40,2,19,53,49,22,-2,50,7,37,24,21,45,41,117,51,116,8,29,22,38,29,57,51,46,11,58,6,34,48,27,63,50,23,36,69,37,32,7,54,47,19,65,47,49,43,37,56,38,32,31,40,28,26,34,48,37,41,44,53,32,27,35,36,22,21,57,25,7,6,63,27,47,36,31,6,14,73,120,130,74,32,33,24,18,48,7,18,22,30,25,38,28,34,7,14,31,15,7,49,86,24,39,5,22,8,43,13,16,57,15,23,29,36,34,37,67,54,50,47,23,20,45,39,47,107,22,42,41,39,45,21,32,34,37,43,13,68,55,32,30,29,33,67,21,29,26,51,49,42,39,68,64,63,93,60,48,30,65,60,60,41,16,2,33,50,33,17,57,41,48,70,72,26,33,23,-3,46,-1,32,31,26,20,47,8,38,29,20,67,5,17,22,23,22,-9,49,60,-3,-4,25,23,19,-6,25,-8,40,60
30,76,25,71,61,80,99,281,246,108,95,97,69,55,55,102,49,24,37,33,27,1,1,1,9,-9,27,67,69,18,80,41,66,47,120,40,70,96,50,58,73,21,69,81,110,89,89,105,44,34,81,50,35,34,112,88,38,41,8,83,77,73,42,45,62,11,12,29,14,14,9,9,5,6,12,87,10,67,111,82,46,99,62,78,80,41,78,112,51,24,128,63,89,79,23,10,1,71,65,67,41,57,113,68,70,74,100,56,73,53,38,46,73,78,17,97,95,93,-3,2,23,91,21,83,39,112,105,87,69,40,54,56,66,43,60,3,84,64,10,28,54,31,76,59,120,28,105,115,87,169,45,100,54,81,29,144,76,142,89,90,34,30,91,60,23,94,80,-1,74,28,29,67,80,52,92,48,59,85,3,126,65,70,61,84,37,31,90,65,87,63,18,35,-10,27,30,60,101,69,90,80,94,89,81,93,95,48,77,84,77,22,41,62,68,37,57,53,37,39,23,51,-11,13,44,20,52,47,67,126,42,68,55,101,95,91,51,78,33,12,117,173,94,95,100,20,73,22,93,51,38,27,112,159,63,97,106,49,66,59,90,78,83,68,-7,17,73,54,56,90,51,48,66,42,73,112,17,-2,32,51,60,-10,28,56,91,15,20,53,25,49,33,62,54,41,56,56,64,83,36,62,80,17,27,74,82,-11,20,13,16,21,31,18,59,75,45,49,39,28,62,23,111,53,77,73,3,111,27,51,66,63,141,37,72,11,56,84,-9,-7,-7,-5,-4,28,23,32,11,9,42,31,31,54,37,41,42,53,43,49,83,55,69,70,72,14,74,42,86,33,79,75,17,28,60,54,91,51,77,52,53,51,50,86,17,109,92,63,68,53,20,122,94,81,77,53,51,27,18,50,51,26,72,62,63,77,102,50,17,46,53,22,4,120,45,56,68,49,15,41,-4,116,67,74,74,30,60,73,21,47,96,54,47,51,53,80,42,100,51,51,53,103,34,0,11,4,78,120,65,105,83,-5,80,74,19,37,50,42,88,118,-1,30,50,92,116,22,30,60,82,41,22,79,86,26,29,27,15,25,51,13,53,77,62,66,80,99,55,92,58,8,2,55,60,41,44,-16,8,4,10,8,39,79,86,50,37,30,32,86,59,80,27,41,84,119,57,53,82,61,42,47,25,-6,43,24,17,71,40,78,53,86,17,31,48,52,37,545,113,54,138,62,45,29,22,54,31,64,-13,19,68,47,24,24,50,27,69,62,60,109,147,-6,59,63,60,57,20,7,82,85,94,90,62,93,86,91,68,66,74,41,66,32,48,112,62,88,33,51,71,42,67,98,84,116,130,78,88,113,47,46,45,10,29,101,49,124,83,97,50,49,80,43,44,67,21,21,110,131,106,521,1668,420,241,217,55,58,100,39,45,63,85,129,68,64,53,61,69,63,94,53,52,73,56,85,81,94,54,33,78,64,77,74,61,62,76,72,51,82,77,36,35,78,61,54,51,120,53,53,52,119,120,41,39,92,39,37,77,71,75,111,22,20,93,92,102,93,92,96,100,93,63,77,80,47,53,27,104,69,34,62,51,46,81,7,56,40,61,69,87,113,63,33,33,33,33,61,90,4,10,38,57,65,72,45,38,55,111,85,-12,-12,79,35,27,62,96,58,115,58,33,20,66,12,85,79,44,48,5,44,44,43,42,80,28,66,72,34,28,25,32,96,13,58,102,82,2,4,86,44,49,71,71,-2,27,25,3,102,65,47,62,59,24,23,4,25,42,46,51,53,76,32,21,22,47,52,16,104,74,35,28,28,52,70,58,14,37,94,53,41,6,84,68,64,41,39,74,70,127,84,140,24,57,45,57,53,93,87,79,26,101,19,43,79,47,100,86,43,61,82,63,56,18,88,77,40,106,79,80,75,70,90,65,57,54,68,47,46,60,78,66,71,76,88,58,45,62,61,37,45,95,47,44,19,72,55,67,66,48,13,30,115,148,142,113,51,53,39,34,74,33,36,34,45,45,64,49,59,19,30,36,34,21,88,118,46,106,16,41,22,53,29,37,66,28,44,55,59,58,60,82,84,82,77,39,38,75,64,74,115,44,67,65,63,70,42,58,63,66,76,29,109,93,58,56,50,52,107,34,51,47,84,80,66,66,114,108,108,124,103,72,52,76,95,95,71,32,12,58,88,57,32,93,70,77,109,113,41,38,38,1,74,17,57,38,49,34,57,22,70,78,35,106,14,26,41,43,40,-5,65,87,4,2,57,47,40,-2,36,8,55,74
40,94,36,97,92,100,138,385,335,149,143,134,83,75,78,138,69,34,41,49,35,7,6,7,14,-3,45,97,96,27,113,77,91,66,130,58,96,108,61,85,93,36,108,104,127,112,121,113,61,39,110,59,51,50,131,125,57,60,16,115,109,80,64,65,71,21,28,44,24,23,26,20,9,22,29,102,17,96,152,114,66,137,89,110,113,61,110,143,74,47,146,88,122,111,36,17,14,100,92,95,64,83,159,73,102,105,136,68,77,116,70,59,83,95,38,105,100,103,46,7,31,144,38,112,72,130,124,118,94,51,97,75,110,71,88,48,105,70,27,36,64,48,86,150,129,37,144,119,106,199,59,128,70,117,47,170,94,198,126,126,51,61,152,97,43,123,112,2,94,41,77,96,114,76,127,70,83,119,9,174,93,96,87,118,53,127,105,89,102,90,26,52,-4,46,41,71,138,101,124,111,131,125,113,129,131,71,107,118,107,33,62,89,92,70,74,77,52,59,35,72,73,53,48,37,69,65,94,169,59,89,73,114,110,123,56,108,52,15,159,187,130,130,139,90,91,35,129,141,54,43,138,207,87,124,112,61,82,79,117,109,100,119,4,40,103,76,83,104,60,57,72,49,105,155,26,24,76,63,85,-7,66,62,97,27,27,69,61,67,57,75,65,76,80,78,97,116,52,89,112,26,41,104,112,-10,34,35,27,34,53,45,66,120,58,64,56,73,69,35,168,69,109,104,10,120,34,72,94,76,162,48,89,24,81,95,-6,-4,-5,-5,-3,41,43,48,19,36,62,50,48,60,59,57,63,63,66,68,96,91,96,97,101,17,87,62,106,42,108,105,29,63,85,78,105,54,86,73,76,74,70,119,26,149,127,89,96,64,32,142,106,115,107,75,73,38,54,58,72,52,102,89,90,88,105,65,25,55,76,36,14,147,49,64,94,70,25,60,9,138,102,105,107,49,86,102,32,71,132,77,67,69,76,89,60,138,72,72,75,141,44,5,18,14,107,127,95,117,105,11,120,139,25,55,75,58,121,133,5,38,71,99,150,46,61,68,113,61,34,103,90,41,47,42,39,38,74,22,74,99,86,86,108,120,91,117,76,33,8,80,85,60,63,-11,12,9,35,14,41,110,105,59,47,44,47,121,84,98,41,60,114,161,101,66,86,86,60,65,30,-1,62,34,32,99,62,112,78,100,28,121,52,59,56,584,164,77,157,92,48,41,37,80,45,91,-6,23,74,51,67,27,70,34,97,89,88,146,154,-1,86,88,84,81,30,27,118,118,129,124,85,128,120,127,96,96,105,62,91,48,78,139,88,100,49,69,100,56,101,120,110,148,145,118,112,121,53,76,56,17,45,120,95,174,117,135,75,72,108,62,63,92,34,31,132,182,138,710,2218,574,325,291,78,84,135,58,63,91,121,140,96,92,76,90,94,85,129,75,71,100,77,117,114,130,78,51,109,92,110,105,90,89,104,107,77,115,110,56,53,112,92,78,74,142,76,77,75,163,167,58,55,128,55,56,107,100,105,151,35,33,126,123,140,130,126,129,136,127,89,106,113,70,78,42,147,100,51,65,72,71,94,14,64,51,95,99,107,155,83,40,41,50,48,66,123,27,31,58,91,91,87,57,55,78,131,121,-9,-9,113,49,43,86,131,82,131,80,48,30,93,21,114,111,48,69,13,65,64,63,59,111,43,89,94,51,44,41,48,134,23,85,141,102,10,20,123,66,69,104,104,33,43,41,9,142,79,66,86,85,36,34,13,29,63,67,72,75,105,48,30,32,66,59,27,120,104,53,42,43,74,83,76,68,55,135,58,59,18,119,90,92,59,56,102,100,138,117,164,41,91,68,75,77,128,123,111,42,145,33,52,111,67,137,122,62,86,94,89,79,44,122,107,60,147,112,111,108,104,123,93,81,78,96,67,65,86,92,96,101,108,124,84,64,88,85,51,79,134,69,89,43,82,83,87,95,91,21,46,157,175,153,138,70,72,53,50,102,47,54,45,61,64,89,69,84,32,45,44,53,36,128,135,59,189,27,60,36,62,51,39,75,41,65,82,82,81,83,97,114,114,108,56,56,104,90,101,123,82,92,88,87,95,63,84,92,94,109,45,151,131,84,83,70,71,147,48,73,69,116,111,89,92,160,152,152,154,146,94,75,86,130,131,101,64,28,82,126,81,48,129,99,106,147,155,51,44,54,5,104,64,82,56,73,58,67,55,102,94,50,129,22,38,61,63,58,-1,104,125,15,9,86,71,60,3,48,26,57,91
50,112,94,126,264,126,178,489,425,227,272,171,98,95,124,175,88,44,45,65,44,12,11,12,19,0,65,123,124,96,151,113,116,144,141,75,122,121,77,112,124,91,119,208,517,154,158,121,243,45,191,93,67,67,150,862,75,79,77,147,141,138,85,85,79,60,35,61,35,33,34,34,88,38,42,117,25,124,193,147,87,193,116,136,224,97,142,194,98,117,164,115,153,142,48,24,31,137,118,123,87,179,197,78,132,218,176,83,82,168,162,93,92,105,782,131,110,140,56,44,269,216,62,143,130,146,144,280,175,69,122,1032,122,175,126,318,194,116,297,94,141,65,96,186,138,147,183,123,208,230,74,156,122,232,64,196,190,296,251,172,118,116,216,145,78,283,144,107,114,61,131,124,143,101,174,92,107,148,15,223,122,122,119,152,155,278,159,114,120,118,228,68,791,70,141,82,172,133,155,151,170,160,144,163,164,218,136,152,132,45,82,114,117,104,122,100,101,92,47,93,100,94,52,54,95,86,121,212,90,152,123,122,169,156,86,139,110,48,201,201,165,165,178,122,109,48,165,170,69,68,226,270,169,167,119,74,97,100,135,141,117,128,15,116,134,97,97,143,68,79,97,59,136,194,36,41,125,75,111,49,78,75,102,55,34,85,127,85,81,117,80,114,104,103,130,148,96,116,143,49,55,134,138,38,48,53,46,46,74,74,73,136,204,147,580,152,143,117,228,86,141,130,17,149,85,93,121,101,183,77,106,36,107,107,-2,-1,-2,-2,-2,120,82,64,59,66,80,119,66,66,99,78,81,86,88,87,131,128,123,124,136,92,129,87,126,63,142,134,71,99,106,101,120,67,94,94,95,95,90,152,34,182,162,115,122,74,139,181,129,180,138,100,95,73,68,96,96,89,132,118,116,99,108,101,36,82,87,47,27,174,92,114,118,91,47,80,24,160,515,131,139,68,131,185,43,94,169,100,87,87,98,99,79,173,93,92,98,193,76,18,23,23,134,134,125,127,128,73,147,236,39,89,130,74,320,148,90,848,131,105,184,189,95,79,143,81,45,137,95,57,66,97,54,50,125,64,95,122,116,107,136,193,142,141,107,58,26,105,110,212,81,26,28,38,46,37,47,142,435,186,62,58,59,156,109,115,65,78,141,203,152,118,116,110,77,85,35,28,81,45,107,127,82,143,101,113,51,145,80,78,76,623,291,275,177,118,51,53,53,98,97,125,7,27,81,80,81,57,85,68,127,115,116,185,160,4,112,114,129,104,40,46,154,151,207,159,107,161,154,165,121,121,227,83,116,105,108,167,111,149,96,100,212,142,215,338,117,1600,543,158,1213,140,285,86,67,90,61,270,159,224,149,173,99,94,137,81,81,113,47,211,154,232,219,1310,2734,727,414,364,102,107,169,77,79,120,152,151,128,121,104,119,123,116,164,98,89,127,99,149,146,165,99,69,138,118,141,135,118,116,132,150,102,148,143,74,70,143,146,103,96,164,99,101,97,205,204,73,72,165,70,72,137,130,181,189,46,47,154,154,177,166,159,162,171,161,115,132,145,90,101,58,189,129,68,68,92,97,116,21,78,70,124,126,272,194,99,47,49,65,64,73,152,75,55,77,136,118,101,123,134,213,151,153,-6,-6,146,63,64,109,162,111,148,100,63,39,120,30,143,142,75,88,64,87,85,83,77,178,58,128,117,68,59,56,61,170,34,112,188,123,111,56,160,89,89,210,140,57,59,57,35,181,111,291,109,112,49,43,22,33,84,86,96,107,131,64,40,42,109,121,145,135,134,195,56,56,96,97,94,76,74,175,63,77,35,153,118,120,78,73,151,129,148,151,188,57,125,91,138,100,168,158,143,58,188,46,61,142,87,174,159,81,114,107,116,102,164,155,147,84,188,144,141,140,137,177,120,106,102,124,86,101,113,105,126,131,166,159,109,83,119,110,108,116,173,91,114,116,118,155,128,141,171,72,64,198,204,165,163,90,89,67,72,156,60,81,57,90,83,114,90,109,45,61,65,144,50,167,307,72,230,39,79,53,72,73,68,83,54,86,112,105,105,106,159,144,143,138,72,74,133,114,128,131,120,154,112,110,120,80,107,120,121,142,65,192,163,108,110,90,91,186,94,94,90,148,142,113,114,199,196,197,185,189,115,128,135,165,166,134,111,108,107,253,106,64,167,128,140,186,190,61,80,80,89,134,127,105,79,96,137,77,110,135,123,65,150,54,55,80,81,76,49,112,139,36,30,114,94,79,46,112,100,66,192
60,207,389,177,1697,336,213,603,627,651,768,411,161,1186,281,187,108,66,55,70,51,15,31,12,41,6,163,131,215,127,218,157,129,163,170,105,131,342,205,232,305,825,246,663,1102,334,238,598,867,600,700,145,70,75,268,1198,124,213,86,183,551,421,93,122,100,82,56,75,97,36,63,39,171,50,71,129,28,138,221,253,95,507,118,139,715,389,262,399,224,293,553,160,175,146,65,311,114,221,148,124,110,595,197,93,136,813,287,687,1063,711,675,204,476,154,971,267,776,298,1746,645,1028,442,357,194,483,929,388,1438,713,500,1090,1251,1923,764,543,2709,1870,665,2444,474,1104,438,280,1159,1947,402,1418,1272,484,771,1231,290,632,789,187,1284,710,416,798,262,135,191,327,608,182,1593,188,153,163,145,203,141,144,1103,467,589,119,150,19,324,126,208,208,627,250,1868,386,385,386,1993,3196,1592,2043,166,762,99,178,1335,167,273,226,250,180,177,175,1001,168,271,135,47,85,119,142,113,136,111,134,103,104,105,123,118,54,70,108,133,126,346,370,259,311,331,438,205,896,570,587,336,248,231,223,263,195,243,114,77,189,576,411,127,496,316,670,312,192,136,107,140,202,201,186,180,123,191,180,117,177,186,96,126,179,135,228,200,37,371,251,83,154,50,96,138,153,122,89,582,282,102,356,231,233,157,108,265,205,155,162,264,166,88,69,145,142,54,97,84,98,112,86,102,250,246,483,318,1198,245,279,499,306,111,147,131,131,308,132,162,129,129,249,116,123,40,112,108,4,5,18,-2,8,183,93,81,89,151,116,230,72,77,116,98,90,153,93,98,150,227,289,130,235,180,351,131,177,649,194,139,355,121,107,142,877,160,162,98,97,106,98,153,36,183,169,137,140,194,177,289,290,383,148,176,437,107,73,378,147,122,138,159,134,320,158,139,49,141,93,49,47,183,162,140,130,98,103,359,133,311,685,134,155,72,407,511,44,103,209,102,91,117,150,112,117,195,104,116,113,332,85,25,25,28,137,489,131,350,133,126,213,261,99,132,265,190,553,159,168,920,257,326,337,208,151,345,152,109,62,408,263,109,213,353,86,64,128,84,100,151,225,283,141,227,191,151,150,63,50,133,124,221,115,96,34,52,64,48,54,268,460,381,88,261,62,164,126,148,137,87,150,232,236,141,211,386,80,115,38,128,85,51,438,144,93,145,106,559,264,1182,105,120,370,733,318,347,187,122,141,70,98,106,128,206,10,31,95,90,89,65,103,94,187,142,143,595,191,173,132,135,321,118,43,46,161,211,474,349,110,181,159,212,126,127,1063,99,118,118,210,217,150,1533,723,224,938,1222,1469,740,2325,2019,2454,482,2357,301,1832,1356,572,214,439,988,351,266,150,173,125,98,163,93,116,114,59,282,226,261,1726,1801,2785,958,556,418,149,117,171,79,80,123,161,161,479,163,183,150,183,185,203,131,95,130,100,184,149,183,99,79,151,120,142,174,120,123,173,237,114,154,150,80,74,148,172,284,109,194,264,302,282,228,205,76,76,259,74,74,145,139,978,201,47,354,156,156,217,175,177,271,200,332,172,138,187,93,112,136,231,131,72,80,102,119,165,22,150,86,524,130,737,202,111,51,55,66,67,116,152,118,63,231,371,243,183,435,203,436,181,156,-3,-5,149,201,133,115,164,293,154,100,69,41,143,41,168,166,79,94,102,89,88,88,203,416,82,282,165,84,162,235,64,177,47,200,343,162,140,304,183,387,118,612,269,325,66,59,111,227,141,846,171,116,50,47,46,93,293,91,177,186,146,77,44,47,305,264,191,144,220,208,76,59,141,117,117,91,502,416,111,173,307,562,188,133,146,78,567,241,156,168,710,115,350,143,949,141,244,175,558,167,207,52,67,172,92,176,190,83,168,152,134,366,349,187,285,122,276,178,161,254,171,357,137,117,106,128,92,255,143,133,435,226,362,240,125,375,178,406,163,340,214,108,145,406,324,547,359,297,358,101,103,214,282,196,392,166,97,73,228,179,120,144,119,176,92,130,113,190,62,330,98,152,59,190,606,132,276,41,93,64,100,78,95,88,57,121,167,111,128,129,511,171,149,188,76,80,163,132,132,145,255,447,133,118,133,81,108,131,129,144,148,219,164,110,151,97,153,197,106,102,97,156,150,116,115,200,200,226,191,230,1154,895,1161,937,173,186,336,223,128,746,169,88,219,142,196,245,198,117,164,116,207,165,167,124,282,244,344,103,160,169,140,68,308,142,110,93,84,216,61,191,186,85,113,137,109,90,94,119,169,123,434
70,320,675,228,3052,546,247,717,832,1075,911,699,225,1206,437,193,128,90,61,75,58,19,55,13,58,61,235,139,307,152,286,202,141,181,200,136,141,639,375,376,434,1006,1215,1118,1607,515,318,623,1312,1102,1795,191,72,82,279,1677,179,348,95,220,866,524,100,158,122,95,63,88,159,38,113,43,182,56,100,140,32,150,250,360,102,820,120,142,1206,681,401,604,357,394,867,206,197,146,82,329,197,306,177,125,134,767,198,107,139,1638,399,888,1454,1267,1675,652,544,211,1057,816,1040,455,2720,1079,1333,668,473,246,862,1160,824,2199,1076,944,3203,1412,4217,1353,3212,3008,2262,3006,2679,999,1619,872,479,1669,2428,656,2148,1578,787,1347,2449,440,1154,1346,328,1872,1281,537,2405,351,151,267,437,1120,286,3386,233,194,214,230,275,156,146,1283,761,938,131,151,22,426,128,295,307,1155,344,2570,894,700,653,2595,5784,1817,2361,262,1382,118,184,1468,179,395,281,343,216,191,186,1358,200,395,137,48,86,124,167,122,144,122,166,109,112,114,139,142,55,85,118,180,128,489,630,366,499,553,780,258,1779,1085,1064,365,296,260,282,370,206,390,120,109,211,1002,421,190,735,362,1086,448,269,150,116,184,267,262,256,243,225,324,226,137,285,202,108,141,255,244,308,207,39,577,318,91,180,52,149,212,209,188,149,685,299,119,434,348,315,201,110,301,284,161,178,299,189,123,82,153,146,70,103,93,112,116,97,131,759,529,530,490,1556,330,408,802,388,136,152,131,246,438,137,169,137,156,314,119,140,42,115,109,9,13,30,-1,18,185,103,98,99,365,122,243,78,88,132,118,98,202,98,109,169,321,486,132,333,268,574,175,230,774,246,144,411,140,108,186,998,253,232,102,100,117,102,155,36,184,170,160,159,316,193,525,415,801,155,246,553,117,77,444,197,155,143,200,152,415,268,177,63,224,110,52,66,190,226,158,142,106,151,447,247,474,696,137,170,75,508,512,45,109,249,104,95,146,201,125,156,216,115,140,127,449,94,29,27,34,139,612,134,570,137,179,226,283,160,170,406,329,607,171,246,991,383,397,548,227,207,436,161,114,79,680,423,161,310,540,113,79,130,96,104,180,333,293,141,253,246,162,235,74,61,225,138,231,150,122,45,98,80,51,61,335,485,548,114,318,65,172,142,182,208,96,160,260,343,146,288,439,81,145,41,225,86,57,768,158,104,147,111,619,476,1279,130,162,535,850,341,419,195,125,163,87,143,114,160,286,13,35,110,115,96,67,113,115,247,169,169,756,227,235,151,157,513,130,46,46,163,277,740,538,111,201,161,259,131,134,1453,115,120,126,316,267,190,1885,905,353,1237,1796,1721,1107,3356,2438,3452,1296,2725,463,2149,2798,894,555,833,1216,524,307,152,173,150,98,189,105,153,114,72,353,307,289,2206,2213,2836,1191,699,471,203,127,172,79,82,126,170,171,830,207,262,182,242,254,243,164,101,131,100,219,149,199,99,89,163,121,143,215,121,130,216,324,122,157,156,86,75,154,199,489,122,224,438,504,497,251,207,78,79,355,77,75,148,145,990,213,48,718,158,158,259,184,191,387,229,525,229,144,229,97,122,220,273,133,73,93,111,142,248,22,202,102,666,134,745,211,123,54,62,66,71,160,153,160,68,401,607,391,275,747,272,545,212,159,1,-4,150,207,202,120,166,303,160,101,75,44,166,53,192,188,83,99,119,90,89,89,334,485,106,435,217,101,273,591,68,184,59,300,429,200,169,328,206,511,150,1005,397,393,73,60,156,241,170,1348,241,117,50,50,70,153,306,95,258,266,162,89,48,51,397,398,222,151,354,221,97,62,191,138,140,106,675,665,162,286,581,994,263,145,214,81,845,354,164,183,1059,172,588,197,1266,183,320,189,868,283,225,59,73,201,94,179,222,84,222,205,152,685,534,218,423,160,366,211,181,368,206,537,151,125,107,128,97,432,173,160,753,333,558,323,137,666,238,719,218,563,256,126,175,565,421,939,591,452,647,127,142,226,360,228,648,242,105,79,260,217,139,152,186,263,102,147,137,275,79,526,132,158,67,213,707,202,305,43,107,73,130,93,104,92,59,137,222,117,151,151,571,197,155,242,77,86,192,150,134,159,396,522,153,122,145,82,109,141,137,145,230,246,164,112,192,101,216,201,118,110,102,163,153,118,116,200,201,254,194,271,1434,1083,1561,1191,179,237,576,320,150,1240,233,111,272,156,252,306,207,172,259,154,273,196,206,142,491,390,404,129,209,203,153,69,352,344,246,105,88,224,62,206,237,134,434,140,123,100,142,127,233,179,570
80,433,961,279,3157,755,281,831,1037,1271,1054,988,288,1225,593,200,148,114,63,80,66,22,79,13,70,73,339,147,398,177,359,231,152,199,229,166,151,727,575,520,504,1188,1717,1724,1678,695,399,647,1384,1136,1919,202,74,89,289,1825,233,483,103,256,904,626,107,195,162,108,66,101,216,40,116,53,192,64,129,151,36,162,278,466,109,1134,123,145,1341,974,541,808,489,490,894,252,219,147,99,347,281,391,207,125,158,768,198,121,143,2067,510,1036,1773,1816,1958,912,1004,267,1142,1308,1174,613,4134,1289,1918,2227,589,298,1377,1391,1166,2606,1449,1387,3904,1573,5192,1941,3394,3308,2598,4008,2913,1351,3004,1156,679,1963,2837,1354,2522,1885,946,2429,3380,589,1671,1753,469,2142,2069,657,3793,441,168,343,548,1793,389,3626,278,234,264,314,348,171,147,1451,1054,1026,144,153,25,527,129,381,406,1414,438,3803,1035,1014,919,3191,6092,2042,2679,357,1696,137,191,1539,190,518,337,436,252,204,197,1714,232,518,140,49,86,129,192,132,152,132,201,116,120,124,153,166,56,101,125,227,129,632,652,476,710,775,1123,311,1998,1614,1510,393,343,289,342,476,218,603,126,140,233,1039,428,253,942,409,1382,584,317,173,126,269,290,322,291,287,328,452,272,156,323,219,116,156,304,322,368,214,40,641,338,98,193,53,155,358,264,253,320,788,315,137,774,496,384,236,113,333,334,167,194,333,278,250,96,160,149,96,109,101,125,120,109,159,868,877,578,661,1893,415,537,1013,470,162,158,132,362,484,142,173,145,184,338,161,157,44,119,109,14,16,34,-1,24,187,114,115,109,509,135,256,84,100,148,138,106,252,104,120,188,387,683,134,432,356,672,220,282,814,298,150,467,158,109,231,1120,358,301,106,102,127,106,156,37,185,171,183,177,438,209,562,592,1264,161,292,592,123,82,509,247,188,149,241,170,486,311,217,71,236,119,54,73,196,289,175,154,114,186,524,361,637,708,140,186,78,534,513,45,116,289,106,99,175,253,139,194,238,126,164,141,557,102,36,29,39,142,640,137,597,141,197,294,305,220,209,472,467,660,182,323,1063,563,495,553,246,267,548,170,120,96,1198,488,214,337,711,118,93,133,107,107,209,441,303,142,279,273,172,260,78,71,237,152,240,186,132,58,109,95,53,68,342,511,959,141,374,68,179,158,216,280,105,169,289,419,172,353,621,82,164,44,282,88,63,1099,171,115,149,117,678,688,1376,155,204,599,967,364,491,202,129,182,103,187,122,191,367,16,39,124,160,121,69,154,137,307,195,195,858,263,249,169,178,705,143,48,46,166,343,995,727,112,221,162,307,137,140,1475,131,122,134,357,318,230,2055,1088,482,1405,2369,2257,1473,3901,3341,4237,3815,3029,625,2239,3170,1216,1157,1013,1447,646,349,153,174,176,99,215,117,190,114,84,425,389,318,2560,2625,2887,1424,841,525,257,138,174,79,83,129,180,180,1181,251,341,213,302,323,283,196,107,132,101,254,150,214,99,98,176,123,143,256,122,136,260,411,130,160,161,92,76,159,225,693,135,254,612,705,711,274,208,81,82,451,80,76,151,151,1002,225,48,1081,160,159,300,193,204,503,258,726,285,151,270,100,133,303,314,135,75,107,119,165,293,23,220,118,715,139,754,219,142,57,68,66,74,204,153,203,73,570,789,546,367,989,341,654,243,162,4,-4,150,213,270,125,169,313,165,101,80,46,189,65,216,211,87,105,137,92,91,91,487,494,130,589,270,117,348,666,71,191,72,399,448,239,197,353,228,531,181,1228,526,574,80,61,180,254,286,1377,311,119,51,54,94,175,319,100,339,346,177,102,51,56,495,430,254,159,542,233,118,66,241,159,164,121,736,1209,212,399,1075,1426,337,157,282,84,1003,467,173,199,1073,229,825,250,1422,226,395,204,1135,399,243,65,78,231,96,181,254,86,276,257,171,769,720,250,561,198,456,244,201,483,241,718,164,133,107,129,103,609,203,187,1071,440,754,406,150,957,298,730,273,764,297,143,205,613,517,1650,824,607,1048,153,181,239,439,261,905,318,113,85,291,276,152,159,253,303,112,164,160,359,97,557,165,164,75,235,735,272,345,44,121,81,172,109,121,97,61,152,277,123,175,174,630,224,161,295,79,92,222,168,135,172,538,528,174,126,157,84,110,151,144,146,312,273,165,115,233,104,278,205,130,118,106,170,155,120,117,200,202,282,198,312,1587,1273,1820,1445,184,289,803,418,171,1456,296,134,324,170,308,355,215,228,356,192,339,228,246,165,586,497,465,156,259,237,166,69,396,619,263,118,92,233,63,226,241,182,467,143,136,110,165,137,287,333,660
90,545,1247,330,3263,965,315,945,1242,1408,1164,1277,351,1245,640,207,168,139,66,85,73,25,102,13,83,82,348,155,490,202,506,245,164,218,258,196,160,814,768,664,574,1369,1777,3965,1749,849,479,671,1455,1170,2162,214,77,96,300,2016,288,617,112,293,941,729,114,231,189,124,79,143,265,42,122,66,203,72,157,153,39,175,306,573,116,1448,125,148,1472,1266,680,1013,622,586,920,298,242,148,115,365,364,476,237,126,181,770,198,135,146,2153,622,1618,2072,2361,2201,1052,1056,343,1227,1589,1308,770,4214,1501,2259,2278,705,432,1541,1622,1737,2967,2151,1831,6257,3095,6166,2513,3575,3608,2890,4773,4242,1427,3439,1370,878,2207,3124,2135,2722,2690,1105,3879,4312,739,3012,2159,611,2413,3009,778,3920,530,184,418,659,2796,493,3832,323,275,315,398,420,185,148,1473,1347,1114,156,154,28,629,131,468,505,1660,533,4301,1093,1121,1185,3626,6399,2268,2998,453,1857,155,197,1609,202,640,393,529,288,218,208,2070,264,642,142,50,86,134,217,141,161,143,236,122,129,133,167,191,57,117,134,274,131,774,674,596,939,997,1863,364,2184,2066,1798,422,414,318,398,583,230,649,131,141,255,1076,434,290,962,455,1563,720,340,298,172,354,356,379,327,333,388,497,318,176,345,241,127,171,353,381,429,220,41,716,353,106,204,54,160,490,320,297,604,891,332,154,794,765,463,260,115,348,395,174,210,375,311,280,109,168,153,137,115,110,144,124,121,187,1007,1122,625,832,3028,1024,667,1478,552,187,164,132,442,509,170,177,153,212,353,168,174,46,123,109,20,17,38,3,30,189,130,133,119,648,152,270,90,112,164,158,114,443,109,131,207,452,862,136,531,444,750,264,335,854,350,155,523,177,110,275,1185,474,370,110,105,138,111,158,38,186,172,206,196,560,225,598,730,1727,168,339,631,132,110,539,297,220,154,317,188,494,355,229,76,241,127,56,79,202,353,206,167,122,190,542,501,800,720,143,201,82,560,514,45,122,329,107,103,205,304,152,233,259,137,189,155,665,111,39,31,44,144,669,140,625,146,216,315,616,300,247,529,606,714,193,401,1134,1109,607,557,265,330,665,180,125,113,1496,553,266,350,882,122,107,135,119,111,239,550,313,143,310,320,179,267,81,81,242,166,250,221,154,63,132,98,56,75,348,536,1037,167,621,71,187,175,250,351,114,179,317,516,202,410,629,82,176,46,297,90,69,1248,185,127,152,122,738,933,1473,180,291,644,1087,386,563,210,132,199,120,269,130,220,448,19,44,194,180,154,71,190,159,368,222,221,997,298,262,188,199,855,155,51,47,169,409,1016,917,113,242,164,354,142,146,1498,147,124,143,398,368,270,2201,1271,532,1572,2813,2879,1610,4484,4088,4587,4175,3275,787,2392,3580,1590,1424,1304,1681,768,390,154,174,201,99,240,129,227,115,96,498,470,346,2897,2939,2938,1657,984,578,310,148,176,79,85,132,189,190,1461,295,421,245,362,393,323,229,114,133,102,289,150,229,100,107,188,125,144,297,124,143,303,498,139,163,167,98,77,165,252,898,147,283,786,907,926,298,209,83,85,547,82,78,155,157,1014,237,49,1445,162,161,341,202,218,619,288,1185,342,157,312,104,143,386,356,136,76,120,128,168,300,23,233,133,750,143,763,228,165,60,74,67,78,248,153,246,78,669,865,739,483,1005,410,1041,274,165,8,-3,150,219,334,130,171,323,171,101,86,48,219,77,240,233,91,111,154,93,92,92,667,504,154,743,323,133,349,742,75,198,85,461,467,278,226,377,250,551,212,1698,582,707,87,61,202,265,327,1406,381,121,52,57,118,180,333,105,420,395,192,114,55,61,607,463,286,167,564,246,138,69,291,180,187,137,796,1359,280,511,1467,1674,411,169,350,87,1161,580,181,215,1087,286,1062,304,1578,269,471,219,1155,515,261,72,84,260,98,184,285,87,331,310,189,772,905,282,698,236,546,278,221,597,275,898,178,142,108,129,109,786,233,214,1390,547,950,489,163,1248,358,740,328,823,338,161,236,660,614,1905,1071,762,1448,179,221,251,517,294,1161,394,121,92,323,280,171,166,358,345,121,180,184,406,114,587,199,169,83,257,763,325,406,46,134,90,221,124,154,102,64,168,326,128,198,197,689,250,167,349,81,98,252,186,137,186,655,535,195,130,169,85,111,161,152,147,394,300,166,117,274,108,341,209,142,126,111,178,158,122,118,201,203,311,201,353,1739,1599,2080,1587,190,341,951,516,193,1594,359,158,376,184,364,367,223,283,376,230,370,389,285,224,691,642,599,182,308,271,179,70,436,660,280,131,96,241,64,252,261,218,499,146,149,121,169,147,322,407,933
100,658,1533,382,3368,1174,350,1059,1447,1545,1270,1521,415,1265,668,214,188,163,68,89,80,28,177,14,92,85,358,162,549,227,614,260,176,236,287,227,170,901,930,800,644,2133,1838,4335,1821,973,650,696,1532,1449,2402,225,79,97,311,2217,342,752,120,329,978,830,121,268,208,141,92,187,315,43,131,78,213,81,186,156,43,187,334,679,123,1762,127,151,1604,1558,819,1217,755,682,947,344,264,148,132,383,597,556,267,127,205,772,198,150,150,2239,733,2365,2803,2906,2376,1123,1107,675,1313,1744,1442,928,4277,1878,2431,2329,1130,542,1700,2275,2342,3352,2413,2099,6619,3855,8518,2995,3757,3907,4526,5066,5005,1504,4389,1584,1078,2450,3673,2497,2922,4290,1264,4025,7504,908,6749,2564,752,2684,3355,898,4047,619,201,494,769,2959,597,3924,368,316,365,483,492,200,149,1494,1640,1202,169,156,31,731,132,555,604,1906,627,4633,1151,1224,1435,4061,6707,2493,3316,549,2019,174,203,1680,214,762,448,621,324,232,220,2427,296,766,144,51,86,139,242,150,169,153,272,129,137,143,175,215,59,132,148,321,132,917,696,978,1445,1336,2173,417,2810,2392,2086,702,497,348,441,690,241,668,137,142,277,1113,441,318,983,501,1684,983,364,363,271,407,418,436,384,368,395,542,364,196,366,273,142,186,403,409,486,227,42,840,369,113,210,55,168,524,376,341,932,918,349,171,814,790,549,284,118,363,448,180,226,459,344,318,123,176,156,177,121,131,164,129,132,215,1291,1444,672,1004,3561,2470,796,1597,634,212,170,133,444,530,219,180,161,232,362,176,191,48,127,109,25,24,42,4,37,190,148,167,129,690,169,283,95,124,180,177,123,666,115,142,226,518,974,138,571,483,829,310,388,893,402,160,575,195,111,407,1192,589,440,114,107,149,115,159,38,187,173,229,215,686,241,631,910,1945,174,385,670,142,127,563,348,253,159,413,194,503,413,241,83,263,132,58,93,209,416,240,179,130,195,561,680,962,731,146,217,85,586,516,46,129,369,109,107,234,331,166,271,281,148,213,169,774,120,40,33,50,147,698,143,660,150,234,355,664,381,286,587,744,768,205,485,1689,1436,719,562,283,392,891,189,131,130,1568,618,318,363,1123,125,121,138,131,115,268,680,323,143,376,377,186,288,83,92,246,180,260,257,220,63,141,101,58,81,354,561,1115,193,681,74,194,191,285,423,123,189,341,520,225,585,638,83,188,49,311,92,75,1338,198,138,154,127,797,1780,1570,204,557,689,1219,1225,636,218,136,213,136,375,137,234,498,22,48,214,208,191,73,198,180,428,249,248,1323,334,276,206,220,943,168,54,47,172,475,1037,1006,114,262,165,401,147,152,1520,164,126,151,439,418,310,2450,1453,569,1740,3064,3726,1747,5020,4401,4937,4536,3520,948,3110,4052,1875,1698,1363,1914,890,431,156,174,227,99,266,141,264,115,109,611,551,374,3172,3054,2989,1890,1126,631,364,158,177,79,86,135,198,200,1656,339,500,276,421,462,363,262,120,134,102,324,150,245,100,117,201,126,145,338,125,150,346,585,147,166,172,103,78,170,278,1103,160,313,960,1109,1140,321,210,86,88,644,85,79,158,163,1026,248,50,1808,164,163,382,211,232,735,317,1644,399,163,354,107,154,407,397,138,77,133,137,170,357,23,246,149,785,148,772,236,187,63,81,67,81,291,154,289,84,759,941,932,564,1021,478,1430,305,168,11,-2,150,225,355,135,173,334,176,102,91,50,273,89,264,256,95,117,172,95,93,93,782,513,178,896,375,149,351,817,79,205,97,485,487,316,255,402,273,571,244,1845,619,739,94,62,220,275,368,1435,451,123,52,61,142,185,346,109,501,435,204,127,58,66,677,496,318,174,586,259,159,72,341,201,210,152,857,1510,511,624,1587,1867,485,180,418,90,1319,693,189,230,1101,344,1127,358,1733,312,547,234,1175,630,279,78,90,289,100,186,317,89,385,362,207,776,1090,314,836,275,635,311,241,711,310,1078,192,150,108,130,114,946,264,242,1695,654,1115,572,176,1539,418,751,382,882,379,178,266,707,711,2159,1318,917,2052,205,260,264,596,327,1417,470,129,98,354,285,197,170,530,422,131,197,208,437,131,618,232,175,91,280,791,369,447,48,148,98,265,139,168,107,66,184,347,134,222,219,748,277,173,402,83,104,282,203,138,200,686,541,216,135,181,86,112,172,160,148,476,327,166,119,315,111,404,213,154,134,116,185,160,124,119,201,204,339,204,394,1892,1892,2339,1614,196,393,1098,613,214,1732,423,181,428,198,419,378,231,295,393,268,402,698,324,297,776,735,795,208,358,305,191,70,462,701,300,144,100,250,65,290,280,254,520,150,163,131,172,157,335,484,1054
